11000111
11001000
11001001
11001010
00101011
10111010
10011111
10100000
10100001
10100010
10001110
00001100
01100000
01100001
01100010
01100011
11010110
01110100
01110011
01110100
01110101
01110110
11111100
01000011
00001101
00001110
00001111
00010000
11111111
00110100
01001000
01001001
01001010
01001011
01111011
01100000
11100110
11100111
11101000
11101001
01111100
10111100
11000100
11000101
11000110
11000111
10101010
01010101
01010101
01010110
01010111
01011000
10111001
00101010
00000000
00000001
00000010
00000011
11011100
01011110
01110110
01110111
01111000
01111001
11101110
00101011
10010101
10010110
10010111
10011000
11101100
00101111
10111010
10111011
10111100
10111101
11000011
00111100
11111100
11111101
11111110
11111111
00101110
11110001
11100100
11100101
11100110
11100111
01110010
11000111
11001010
11001011
11001100
11001101
01100000
10111001
01001000
01001001
01001010
01001011
00001001
11001110
00001100
00001101
00001110
00001111
01110111
11010001
00000011
00000100
00000101
00000110
01111011
11110111
01011110
01011111
01100000
01100001
00000011
11011111
01101110
01101111
01110000
01110001
11001000
11101100
00101100
00101101
00101110
00101111
11111001
11111001
10111110
10111111
11000000
11000001
00010000
00101111
00100000
00100001
00100010
00100011
00010000
00101111
00000001
00000010
00000011
00000100
00010000
00101111