1011111
0111111
0011111
1111111
1011111
1011111
0100110
0001110
0100000
0000000
1000000
1100000
0100110
1111100
1001101
1011011
1111011
0011011
0111011
1111011
1101011
0011001
1111001
0111001
1011001
1000000
0100100
1100100
0000100
1000100
0000100
1000100
0000100
1010101
1110101
0010101
0010101
0110101
0110101
0010101
0000011
0100011
1100011
1100011
1000011
0100011
0100011
0100011
1000011
0100011
0000001
0000011
1111000
1011000
0011000
1111000
1011000
1011000
0111000
1010011
1111000
0001010
0101001
1111110
1011110
0111110
0011110
0011110
0010000
0110000
1110000
0101111
1101111
0101010
1001010
1101010
0001010
1101010
0101010
0000101
0111010
1011010
1011010
1111010
1111010
1111010
0011010
1101010
0001010
1111111
0111111
0011111
1011111
1111111
0000000
1100000
1100000
0000000
1100000
0100000
0000000
1000000
1100000
0101010
1101010
1001010
0001010
0000010
1000010
1100010
0000010
0100010
0100010
0000000
0101010
1000100
1000100
1100100
0000100
1100100
0100100
0100100
0100100
1100100
0000001
0110000
1010000
1110000
0010000
1110000
0000001
0000011
1000011
1100011
0100011
0100011
1100011
1000011
1000011
0001110
0110011
1010011
0010011
1010011
1110011
0010011
1010011
1000011
0000011
1100011
